6 0.266046 0.281250 0.262616 0.374023 0.257227 0.413086 0.250367 0.451172 0.251347 0.473633 0.275845 0.502930 0.289564 0.497070 0.292994 0.468750 0.292994 0.426758 0.291524 0.371094 0.288584 0.322266 0.276825 0.290039
5 0.307692 0.351562 0.302303 0.434570 0.296423 0.484375 0.324351 0.511719 0.340029 0.487305 0.345419 0.436523 0.351788 0.387695 0.347379 0.345703 0.320431 0.334961
3 0.380696 0.364258 0.377266 0.484375 0.376286 0.540039 0.389025 0.549805 0.405194 0.529297 0.412543 0.504883 0.403234 0.430664 0.396864 0.342773
2 0.416952 0.353516 0.412543 0.441406 0.408623 0.556641 0.416952 0.592773 0.429691 0.592773 0.441940 0.590820 0.436061 0.445312 0.426752 0.376953
1 0.454679 0.379883 0.445860 0.484375 0.442920 0.547852 0.441450 0.592773 0.467418 0.605469 0.464968 0.576172 0.463008 0.470703 0.462028 0.409180
0 0.477217 0.396484 0.468398 0.488281 0.468398 0.526367 0.467418 0.580078 0.471828 0.605469 0.485546 0.603516 0.501715 0.590820 0.503185 0.548828 0.493876 0.486328 0.485546 0.441406
8 0.514454 0.421875 0.507104 0.547852 0.506124 0.588867 0.518863 0.603516 0.539441 0.597656 0.542871 0.568359 0.535032 0.497070 0.532582 0.447266 0.518863 0.381836
9 0.543361 0.400391 0.546791 0.507812 0.542381 0.546875 0.543361 0.586914 0.552180 0.596680 0.570799 0.579102 0.564919 0.500977 0.554140 0.392578 0.545811 0.386719
10 0.577658 0.389648 0.567369 0.541992 0.570309 0.570312 0.582068 0.586914 0.601666 0.559570 0.594317 0.512695 0.595786 0.421875 0.587457 0.366211
14 0.708476 0.288086 0.693288 0.389648 0.684468 0.426758 0.687898 0.473633 0.703087 0.481445 0.721215 0.473633 0.730524 0.450195 0.724645 0.398438 0.729544 0.338867 0.724155 0.288086
22 0.738364 0.434570 0.702107 0.483398 0.699657 0.512695 0.723175 0.556641 0.747673 0.599609 0.768251 0.605469 0.787359 0.582031 0.763841 0.509766 0.751102 0.464844
21 0.716805 0.562500 0.703577 0.516602 0.683978 0.508789 0.675159 0.529297 0.658011 0.545898 0.653111 0.575195 0.680549 0.616211 0.700637 0.648438 0.721215 0.684570 0.735914 0.671875 0.747673 0.641602 0.723175 0.603516
20 0.682509 0.731445 0.679569 0.686523 0.666340 0.641602 0.662420 0.586914 0.650171 0.556641 0.635473 0.546875 0.621754 0.576172 0.629103 0.623047 0.652621 0.691406 0.667810 0.738281
19 0.637433 0.749023 0.631063 0.699219 0.626654 0.659180 0.624694 0.630859 0.623714 0.577148 0.601176 0.580078 0.588927 0.590820 0.588927 0.611328 0.601666 0.652344 0.621754 0.731445 0.629103 0.754883
18 0.578638 0.731445 0.589417 0.769531 0.599216 0.787109 0.596766 0.712891 0.589417 0.659180 0.589417 0.628906 0.586967 0.585938 0.567859 0.590820 0.554140 0.596680 0.559530 0.646484 0.568839 0.688477
17 0.556100 0.652344 0.553160 0.615234 0.526703 0.626953 0.527683 0.645508 0.550710 0.742188 0.568839 0.767578 0.570309 0.749023 0.559530 0.686523
16 0.511024 0.686523 0.517883 0.732422 0.531602 0.761719 0.535032 0.725586 0.529152 0.688477 0.526213 0.663086 0.524253 0.625977 0.500735 0.627930 0.502695 0.659180
24 0.500735 0.761719 0.498775 0.726562 0.499265 0.704102 0.497305 0.669922 0.497305 0.652344 0.499265 0.620117 0.482117 0.620117 0.477217 0.652344 0.484566 0.722656 0.489956 0.787109 0.501715 0.789062
25 0.463988 0.744141 0.468398 0.704102 0.471828 0.682617 0.471828 0.648438 0.477217 0.614258 0.458599 0.616211 0.446840 0.618164 0.453209 0.704102 0.449290 0.740234 0.449290 0.767578 0.462028 0.767578
26 0.408623 0.746094 0.418912 0.785156 0.435081 0.744141 0.441450 0.680664 0.441450 0.646484 0.444880 0.607422 0.429691 0.605469 0.415483 0.600586 0.412543 0.659180 0.411563 0.693359
27 0.379716 0.749023 0.388045 0.711914 0.393435 0.693359 0.402254 0.675781 0.405194 0.652344 0.410583 0.628906 0.415483 0.597656 0.397354 0.582031 0.377756 0.592773 0.377266 0.641602 0.367957 0.729492 0.367957 0.756836
28 0.328270 0.725586 0.350808 0.702148 0.362567 0.665039 0.366487 0.641602 0.382656 0.585938 0.379716 0.565430 0.350318 0.541016 0.339049 0.571289 0.332190 0.635742 0.320431 0.682617 0.315042 0.720703
29 0.239098 0.695312 0.269476 0.675781 0.287604 0.663086 0.304753 0.641602 0.316512 0.623047 0.330230 0.596680 0.341989 0.571289 0.327291 0.545898 0.319451 0.514648 0.293484 0.522461 0.279765 0.558594 0.247918 0.641602 0.233709 0.671875
30 0.236159 0.616211 0.256247 0.599609 0.272415 0.571289 0.290544 0.529297 0.265066 0.490234 0.243508 0.502930 0.229789 0.535156 0.215581 0.565430 0.213621 0.599609 0.221950 0.618164
11 0.603136 0.385742 0.593337 0.512695 0.602156 0.545898 0.614895 0.562500 0.621754 0.540039 0.631063 0.509766 0.625674 0.454102 0.619304 0.396484 0.612935 0.364258