7 0.146987 0.326172 0.156786 0.306641 0.173934 0.289062 0.176384 0.314453 0.186673 0.337891 0.203332 0.327148 0.199412 0.352539 0.190103 0.379883 0.180304 0.393555 0.170995 0.382812 0.158746 0.365234 0.152376 0.346680
9 0.578148 0.614258 0.568349 0.596680 0.567369 0.566406 0.566879 0.541016 0.565899 0.515625 0.567369 0.490234 0.566879 0.458984 0.565409 0.430664 0.566879 0.375000 0.577168 0.363281 0.582558 0.406250 0.585007 0.444336 0.590397 0.485352 0.595296 0.515625 0.601176 0.560547 0.603136 0.589844 0.593827 0.614258
10 0.606565 0.540039 0.601666 0.520508 0.593827 0.498047 0.590397 0.476562 0.592847 0.449219 0.597746 0.425781 0.605096 0.394531 0.611465 0.370117 0.615875 0.341797 0.624694 0.314453 0.634493 0.291992 0.647722 0.291016 0.645272 0.326172 0.641352 0.360352 0.636943 0.390625 0.635963 0.426758 0.635963 0.451172 0.635963 0.477539 0.633513 0.507812 0.624694 0.530273
11 0.659971 0.380859 0.656051 0.411133 0.651151 0.468750 0.646252 0.498047 0.640862 0.533203 0.643802 0.565430 0.650171 0.586914 0.670260 0.594727 0.681039 0.574219 0.679569 0.536133 0.673199 0.502930 0.673199 0.469727 0.674179 0.438477 0.675649 0.405273 0.672709 0.370117
10 0.624694 0.601562 0.609505 0.596680 0.603136 0.568359 0.610485 0.547852 0.621754 0.528320 0.629593 0.502930 0.632043 0.477539 0.635963 0.431641 0.643312 0.469727 0.640862 0.504883 0.634983 0.543945 0.637433 0.571289 0.636943 0.598633
12 0.689368 0.487305 0.679079 0.469727 0.675649 0.436523 0.682019 0.401367 0.686918 0.372070 0.690838 0.334961 0.704557 0.317383 0.707496 0.357422 0.711416 0.397461 0.713866 0.428711 0.716316 0.461914 0.716316 0.484375 0.702107 0.502930
12 0.705047 0.583984 0.690838 0.579102 0.677119 0.566406 0.675649 0.535156 0.680549 0.514648 0.682999 0.484375 0.693288 0.495117 0.703577 0.501953 0.713866 0.489258 0.721215 0.457031 0.716805 0.510742 0.718765 0.543945 0.721215 0.569336
13 0.735424 0.568359 0.723175 0.560547 0.719255 0.535156 0.721215 0.494141 0.722685 0.459961 0.721215 0.421875 0.724155 0.384766 0.735424 0.408203 0.735914 0.437500 0.745713 0.425781 0.745713 0.395508 0.740323 0.370117 0.755022 0.410156 0.759922 0.444336 0.763841 0.472656 0.770211 0.500000 0.776090 0.527344 0.769231 0.544922 0.756002 0.560547
14 0.762371 0.377930 0.771681 0.400391 0.785399 0.416016 0.792749 0.395508 0.784419 0.372070 0.784419 0.332031 0.795688 0.370117 0.805977 0.403320 0.818226 0.428711 0.820186 0.457031 0.817246 0.482422 0.802058 0.481445 0.798138 0.502930 0.781480 0.495117 0.768741 0.487305 0.763351 0.464844 0.761391 0.425781
15 0.792749 0.342773 0.799118 0.370117 0.806957 0.397461 0.821166 0.388672 0.830475 0.366211 0.841254 0.339844 0.838805 0.316406 0.827536 0.303711 0.819696 0.279297 0.813327 0.300781 0.812347 0.324219 0.803038 0.346680
23 0.825086 0.695312 0.810877 0.680664 0.803038 0.658203 0.800588 0.631836 0.807447 0.612305 0.816267 0.589844 0.828515 0.566406 0.842724 0.579102 0.850563 0.606445 0.856933 0.631836 0.853993 0.663086 0.843214 0.696289
22 0.798138 0.736328 0.787849 0.713867 0.781480 0.682617 0.789809 0.667969 0.805488 0.703125 0.818226 0.729492 0.819696 0.710938 0.811857 0.682617 0.804508 0.663086 0.802058 0.639648 0.804508 0.612305 0.803038 0.585938 0.791769 0.568359 0.776580 0.568359 0.763351 0.578125 0.750612 0.585938 0.741793 0.607422 0.744733 0.631836 0.755022 0.653320 0.763351 0.678711 0.769721 0.703125 0.776090 0.728516 0.780500 0.751953 0.790299 0.777344
21 0.738364 0.812500 0.733954 0.785156 0.723175 0.759766 0.721705 0.729492 0.734444 0.715820 0.740813 0.734375 0.745713 0.759766 0.754532 0.792969 0.764821 0.780273 0.758942 0.741211 0.750612 0.711914 0.747183 0.685547 0.748163 0.662109 0.748653 0.634766 0.744733 0.607422 0.732974 0.604492 0.720235 0.607422 0.709946 0.617188 0.694757 0.614258 0.687408 0.636719 0.689368 0.663086 0.699657 0.693359 0.706516 0.721680 0.710926 0.750000 0.715336 0.783203 0.725625 0.810547
6 0.214601 0.326172 0.203332 0.352539 0.196472 0.382812 0.185203 0.397461 0.173444 0.425781 0.170995 0.449219 0.179814 0.477539 0.189123 0.490234 0.200882 0.495117 0.217050 0.502930 0.224890 0.481445 0.229789 0.458984 0.231259 0.430664 0.235179 0.401367 0.241058 0.377930 0.248898 0.339844 0.239098 0.346680 0.229789 0.372070 0.218520 0.393555 0.213131 0.375000 0.220970 0.344727 0.227340 0.319336
20 0.648702 0.704102 0.638902 0.682617 0.631063 0.663086 0.633513 0.640625 0.647722 0.636719 0.661440 0.634766 0.675649 0.625000 0.689858 0.626953 0.692308 0.650391 0.689368 0.677734 0.678099 0.678711 0.660461 0.683594
19 0.630573 0.859375 0.627144 0.830078 0.620774 0.800781 0.612935 0.779297 0.606565 0.757812 0.597746 0.733398 0.606565 0.708008 0.619304 0.695312 0.633513 0.695312 0.643312 0.711914 0.644782 0.742188 0.645272 0.772461 0.647232 0.792969 0.650171 0.812500 0.652621 0.835938 0.647722 0.859375
19 0.614405 0.698242 0.604116 0.708984 0.597746 0.682617 0.592847 0.655273 0.609015 0.645508 0.624694 0.640625 0.636943 0.640625 0.637433 0.666016 0.634983 0.691406 0.624204 0.693359
18 0.582558 0.901367 0.569329 0.866211 0.563449 0.833984 0.558060 0.800781 0.558060 0.766602 0.556590 0.733398 0.566879 0.711914 0.582558 0.711914 0.596766 0.729492 0.604116 0.751953 0.605585 0.783203 0.605585 0.821289 0.605585 0.854492 0.609015 0.881836 0.606565 0.905273
18 0.596276 0.729492 0.585987 0.734375 0.569819 0.731445 0.567369 0.701172 0.564429 0.667969 0.573248 0.642578 0.589907 0.645508 0.596276 0.669922 0.599216 0.691406
17 0.536502 0.836914 0.532582 0.813477 0.537482 0.777344 0.536012 0.744141 0.536012 0.710938 0.528662 0.690430 0.527683 0.662109 0.532582 0.632812 0.544341 0.632812 0.563939 0.636719 0.563449 0.665039 0.562959 0.696289 0.558060 0.723633 0.554630 0.759766 0.553160 0.788086 0.550710 0.815430 0.546791 0.846680
16 0.499265 0.812500 0.501715 0.787109 0.499265 0.751953 0.494366 0.721680 0.493876 0.690430 0.491426 0.662109 0.494366 0.640625 0.508084 0.624023 0.528662 0.634766 0.527683 0.663086 0.524743 0.703125 0.524743 0.726562 0.521313 0.756836 0.518863 0.790039 0.517393 0.817383 0.508084 0.838867
24 0.453699 0.799805 0.456149 0.770508 0.459579 0.739258 0.461049 0.708984 0.458599 0.680664 0.459579 0.652344 0.472317 0.637695 0.492896 0.643555 0.491916 0.693359 0.487506 0.723633 0.481627 0.750000 0.478687 0.777344 0.474767 0.808594 0.463988 0.831055
25 0.425282 0.828125 0.426262 0.791992 0.426752 0.750000 0.426752 0.708008 0.426262 0.666016 0.429201 0.632812 0.449780 0.631836 0.459579 0.644531 0.460069 0.672852 0.454679 0.710938 0.448310 0.753906 0.444390 0.792969 0.444390 0.830078
26 0.409603 0.708008 0.393435 0.708984 0.388045 0.686523 0.389515 0.663086 0.405194 0.645508 0.415483 0.662109 0.421362 0.683594
27 0.329250 0.802734 0.335620 0.770508 0.340029 0.733398 0.343949 0.698242 0.348359 0.665039 0.355218 0.645508 0.370407 0.631836 0.380696 0.643555 0.389515 0.667969 0.385595 0.691406 0.375306 0.721680 0.366487 0.744141 0.358648 0.777344 0.354728 0.797852 0.349829 0.821289
28 0.270946 0.810547 0.278295 0.779297 0.285154 0.746094 0.290054 0.718750 0.293484 0.688477 0.301323 0.662109 0.319451 0.662109 0.337580 0.673828 0.341989 0.695312 0.333660 0.716797 0.324351 0.741211 0.316512 0.761719 0.308182 0.787109 0.298873 0.810547 0.288584 0.826172
5 0.251347 0.350586 0.244978 0.388672 0.237629 0.431641 0.231259 0.458984 0.224890 0.487305 0.223910 0.515625 0.236649 0.538086 0.250367 0.540039 0.269476 0.550781 0.280745 0.533203 0.281235 0.501953 0.277315 0.459961 0.275845 0.423828 0.279765 0.392578 0.280745 0.357422 0.267026 0.342773
29 0.228319 0.777344 0.236159 0.749023 0.243998 0.708984 0.260657 0.688477 0.261636 0.720703 0.255267 0.756836 0.245468 0.783203 0.241058 0.813477 0.259677 0.788086 0.270946 0.754883 0.277315 0.723633 0.283684 0.688477 0.291034 0.658203 0.298873 0.634766 0.301813 0.607422 0.293974 0.588867 0.281235 0.593750 0.267026 0.582031 0.250367 0.574219 0.242528 0.598633 0.241058 0.642578 0.237629 0.678711 0.228809 0.711914 0.223420 0.744141 0.216071 0.785156
30 0.173444 0.729492 0.177854 0.699219 0.193043 0.682617 0.199412 0.704102 0.190103 0.726562 0.179814 0.759766 0.198922 0.759766 0.209701 0.728516 0.216071 0.701172 0.223420 0.672852 0.236159 0.644531 0.241548 0.619141 0.234689 0.591797 0.221950 0.585938 0.210681 0.571289 0.198922 0.565430 0.184223 0.579102 0.174914 0.604492 0.170015 0.639648 0.167565 0.667969 0.162175 0.698242 0.157276 0.733398
31 0.171485 0.665039 0.150906 0.670898 0.137678 0.662109 0.130328 0.632812 0.122489 0.599609 0.124939 0.573242 0.133268 0.548828 0.149437 0.531250 0.166095 0.538086 0.176384 0.556641 0.181774 0.576172 0.189123 0.594727 0.189123 0.625000 0.183733 0.655273
28 0.341989 0.675781 0.351298 0.650391 0.356198 0.626953 0.341989 0.611328 0.323371 0.607422 0.311612 0.601562 0.298873 0.614258 0.297403 0.639648 0.298873 0.660156 0.324351 0.658203
8 0.507104 0.553711 0.512494 0.518555 0.519843 0.481445 0.525233 0.451172 0.533562 0.417969 0.544341 0.377930 0.561000 0.365234 0.563449 0.408203 0.560510 0.463867 0.558060 0.500000 0.556590 0.530273 0.559040 0.565430 0.555610 0.596680 0.553160 0.624023 0.539931 0.627930 0.525233 0.629883 0.513474 0.615234 0.503185 0.599609 0.504165 0.579102
0 0.457129 0.617188 0.449290 0.594727 0.449780 0.560547 0.451739 0.522461 0.450759 0.482422 0.453209 0.444336 0.454679 0.413086 0.462028 0.365234 0.478687 0.373047 0.485546 0.410156 0.491426 0.456055 0.494366 0.495117 0.495835 0.527344 0.498285 0.553711 0.498285 0.585938 0.497795 0.617188 0.485056 0.627930 0.470358 0.625000
1 0.450759 0.411133 0.448310 0.458984 0.445860 0.504883 0.443410 0.533203 0.442920 0.563477 0.443410 0.593750 0.430671 0.611328 0.415483 0.615234 0.402254 0.594727 0.403234 0.565430 0.406173 0.536133 0.412543 0.492188 0.414993 0.458984 0.418912 0.421875 0.423812 0.388672 0.435571 0.363281 0.450759 0.354492
2 0.393435 0.528320 0.378246 0.517578 0.366487 0.490234 0.365017 0.458984 0.368937 0.420898 0.367467 0.372070 0.361098 0.329102 0.359138 0.273438 0.368937 0.300781 0.373346 0.337891 0.379716 0.382812 0.383146 0.355469 0.382166 0.311523 0.383146 0.266602 0.392455 0.324219 0.398334 0.365234 0.402254 0.398438 0.411073 0.434570 0.414013 0.466797 0.416463 0.489258 0.407153 0.507812
2 0.393435 0.527344 0.398824 0.548828 0.398824 0.573242 0.379716 0.594727 0.367467 0.589844 0.359138 0.569336 0.365017 0.540039 0.365507 0.501953
3 0.332190 0.587891 0.318961 0.571289 0.320921 0.540039 0.326801 0.502930 0.330720 0.459961 0.332190 0.418945 0.338560 0.362305 0.346399 0.390625 0.348849 0.436523 0.356198 0.477539 0.362567 0.504883 0.362567 0.530273 0.361587 0.555664 0.354728 0.574219 0.344929 0.588867
4 0.315532 0.377930 0.317001 0.413086 0.319451 0.449219 0.321901 0.482422 0.323371 0.514648 0.313082 0.536133 0.301813 0.552734 0.287604 0.543945 0.279765 0.522461 0.283195 0.489258 0.289074 0.446289 0.293974 0.411133 0.299853 0.372070 0.307692 0.337891
26 0.381186 0.925781 0.423322 0.731445 0.411563 0.692383 0.397354 0.690430 0.381186 0.719727 0.355218 0.893555 0.354728 0.906250
20 0.709946 0.853516 0.693288 0.752930 0.692798 0.702148 0.670750 0.689453 0.650171 0.705078 0.648212 0.738281 0.688388 0.870117