31 0.045911 0.622070 0.030846 0.609375 0.021521 0.583008 0.013630 0.553711 0.022238 0.521484 0.049498 0.515625 0.071019 0.508789 0.083214 0.522461 0.079627 0.542969 0.086801 0.568359 0.101865 0.579102 0.090387 0.589844 0.076758 0.607422 0.063128 0.621094
30 0.058824 0.701172 0.069584 0.684570 0.086083 0.687500 0.086083 0.704102 0.077475 0.727539 0.092539 0.734375 0.114778 0.717773 0.132712 0.701172 0.145624 0.693359 0.154950 0.676758 0.154950 0.657227 0.145624 0.637695 0.131277 0.630859 0.127690 0.610352 0.115495 0.606445 0.102582 0.597656 0.089670 0.600586 0.075323 0.616211 0.068867 0.634766 0.059541 0.652344 0.050933 0.674805
29 0.141320 0.760742 0.152080 0.740234 0.161406 0.714844 0.173601 0.698242 0.187948 0.687500 0.191535 0.706055 0.182209 0.734375 0.173601 0.750977 0.161406 0.772461 0.158537 0.788086 0.172166 0.796875 0.189383 0.775391 0.203730 0.750977 0.215925 0.726562 0.219512 0.704102 0.228838 0.687500 0.243902 0.670898 0.256098 0.650391 0.263271 0.632812 0.263271 0.616211 0.249641 0.601562 0.236011 0.609375 0.222382 0.609375 0.213773 0.590820 0.195122 0.586914 0.181492 0.587891 0.167145 0.604492 0.166428 0.626953 0.161406 0.648438 0.158537 0.665039 0.152080 0.680664 0.145624 0.697266 0.135581 0.714844 0.127690 0.733398 0.124821 0.752930
28 0.220230 0.725586 0.232425 0.704102 0.246772 0.680664 0.247489 0.660156 0.251076 0.632812 0.268293 0.625000 0.281923 0.622070 0.294118 0.633789 0.308465 0.634766 0.323529 0.639648 0.328551 0.659180 0.323529 0.678711 0.312052 0.698242 0.306313 0.717773 0.300574 0.735352 0.288379 0.763672 0.287661 0.736328 0.285509 0.717773 0.274032 0.704102 0.258967 0.707031 0.237446 0.722656
28 0.214491 0.818359 0.221664 0.794922 0.225968 0.772461 0.228121 0.747070 0.233859 0.725586 0.250359 0.714844 0.263271 0.716797 0.280488 0.722656 0.291966 0.737305 0.295552 0.754883 0.281205 0.772461 0.271879 0.787109 0.262554 0.802734 0.255380 0.822266 0.243902 0.840820 0.240316 0.822266 0.247489 0.798828 0.253228 0.764648 0.241750 0.782227 0.233859 0.801758
27 0.299139 0.735352 0.306313 0.713867 0.314921 0.697266 0.315638 0.681641 0.314921 0.664062 0.322095 0.646484 0.334290 0.658203 0.352224 0.655273 0.370875 0.662109 0.370158 0.676758 0.366571 0.700195 0.364419 0.714844 0.366571 0.735352 0.368006 0.762695 0.355811 0.772461 0.354376 0.750977 0.349354 0.733398 0.332855 0.716797 0.319225 0.721680
27 0.274749 0.828125 0.280488 0.805664 0.286227 0.782227 0.293400 0.763672 0.297704 0.746094 0.303443 0.729492 0.314921 0.721680 0.336442 0.718750 0.350072 0.744141 0.357245 0.759766 0.352941 0.776367 0.340746 0.792969 0.329986 0.810547 0.323529 0.827148 0.317791 0.843750 0.302726 0.854492 0.302726 0.833008 0.309900 0.814453 0.312769 0.790039 0.299139 0.797852 0.293400 0.813477 0.286944 0.831055
26 0.303443 0.903320 0.312769 0.881836 0.319225 0.861328 0.324964 0.838867 0.331420 0.817383 0.345050 0.797852 0.357245 0.780273 0.369440 0.773438 0.389527 0.771484 0.398135 0.795898 0.410330 0.811523 0.406743 0.834961 0.392396 0.857422 0.379484 0.880859 0.369440 0.901367 0.355093 0.917969 0.336442 0.937500 0.332138 0.919922 0.340029 0.899414 0.350072 0.881836 0.359397 0.864258 0.365136 0.840820 0.346485 0.855469 0.337877 0.876953 0.328551 0.898438 0.317791 0.916016 0.304878 0.922852
26 0.373027 0.769531 0.371593 0.749023 0.369440 0.733398 0.367288 0.712891 0.370158 0.694336 0.375897 0.674805 0.388809 0.672852 0.405308 0.674805 0.413199 0.700195 0.405308 0.726562 0.403874 0.747070 0.401722 0.768555 0.398852 0.784180 0.390244 0.765625
25 0.419656 0.823242 0.418938 0.794922 0.417504 0.772461 0.417504 0.747070 0.416786 0.726562 0.419656 0.709961 0.426112 0.687500 0.441894 0.680664 0.461980 0.681641 0.463415 0.702148 0.462697 0.730469 0.456958 0.754883 0.456241 0.777344 0.456241 0.798828 0.453372 0.822266 0.436155 0.842773
24 0.474892 0.827148 0.474892 0.802734 0.471306 0.781250 0.469154 0.754883 0.466284 0.731445 0.464132 0.708984 0.466284 0.692383 0.481349 0.687500 0.502152 0.691406 0.505022 0.710938 0.502152 0.736328 0.500000 0.760742 0.497848 0.784180 0.497848 0.806641 0.494978 0.827148 0.487088 0.843750
16 0.527977 0.819336 0.523673 0.794922 0.514347 0.776367 0.509326 0.758789 0.507174 0.740234 0.506456 0.722656 0.502869 0.697266 0.514347 0.693359 0.527977 0.693359 0.542324 0.692383 0.543042 0.712891 0.545911 0.734375 0.546628 0.754883 0.548780 0.776367 0.553085 0.798828 0.554519 0.817383 0.543042 0.832031
17 0.598278 0.855469 0.585366 0.835938 0.573171 0.810547 0.566714 0.788086 0.560976 0.768555 0.553085 0.749023 0.548780 0.729492 0.545911 0.708984 0.545194 0.692383 0.560976 0.687500 0.576758 0.686523 0.586083 0.706055 0.588953 0.733398 0.590387 0.754883 0.593257 0.781250 0.598278 0.800781 0.602582 0.818359 0.608321 0.836914 0.610473 0.860352
18 0.619799 0.815430 0.613343 0.793945 0.605452 0.772461 0.602582 0.750977 0.598278 0.731445 0.590387 0.714844 0.590387 0.693359 0.604735 0.687500 0.616212 0.684570 0.626973 0.685547 0.628407 0.709961 0.629125 0.735352 0.631994 0.755859 0.634864 0.773438 0.635581 0.790039 0.638451 0.805664 0.633429 0.822266
18 0.647059 0.918945 0.652080 0.898438 0.646341 0.871094 0.639168 0.831055 0.649928 0.846680 0.661406 0.869141 0.666428 0.888672 0.675753 0.907227 0.679340 0.886719 0.675036 0.861328 0.670014 0.836914 0.666428 0.814453 0.659971 0.788086 0.647776 0.776367 0.633429 0.768555 0.621951 0.768555 0.608321 0.788086 0.601865 0.805664 0.607604 0.827148 0.614060 0.851562 0.626255 0.868164 0.629842 0.884766
19 0.673601 0.813477 0.677905 0.807617 0.679340 0.805664 0.680057 0.798828 0.682209 0.794922 0.687231 0.794922 0.691535 0.807617 0.702296 0.791016 0.690818 0.758789 0.687231 0.740234 0.685079 0.719727 0.685796 0.697266 0.675036 0.680664 0.661406 0.675781 0.649928 0.665039 0.642037 0.679688 0.638451 0.701172 0.632712 0.716797 0.644189 0.747070 0.654232 0.768555
20 0.720947 0.778320 0.726686 0.776367 0.728121 0.773438 0.731707 0.781250 0.734577 0.777344 0.738164 0.778320 0.739598 0.775391 0.746772 0.780273 0.747489 0.760742 0.742468 0.727539 0.739598 0.708984 0.740316 0.691406 0.737446 0.672852 0.735294 0.656250 0.719512 0.659180 0.702296 0.651367 0.690818 0.666992 0.687231 0.683594 0.694405 0.704102 0.700143 0.723633
21 0.829986 0.785156 0.824247 0.760742 0.814204 0.740234 0.807030 0.719727 0.812769 0.717773 0.817073 0.713867 0.826399 0.721680 0.837877 0.742188 0.853659 0.769531 0.858680 0.750977 0.848637 0.722656 0.838594 0.702148 0.829986 0.679688 0.825681 0.658203 0.818508 0.634766 0.816356 0.613281 0.807030 0.591797 0.789096 0.597656 0.774749 0.604492 0.771162 0.621094 0.754663 0.621094 0.734577 0.625977 0.738164 0.648438 0.746055 0.670898 0.767575 0.698242 0.778336 0.716797 0.785509 0.735352 0.794835 0.756836 0.807747 0.781250 0.822812 0.804688
22 0.865854 0.742188 0.857963 0.725586 0.849354 0.705078 0.837877 0.689453 0.829986 0.667969 0.827834 0.652344 0.833572 0.632812 0.849354 0.632812 0.860832 0.612305 0.876614 0.609375 0.888092 0.616211 0.900287 0.630859 0.903874 0.654297 0.907461 0.674805 0.912482 0.696289 0.916069 0.714844 0.892396 0.689453 0.878766 0.672852 0.863702 0.685547 0.872310 0.708984 0.878766 0.725586 0.880201 0.747070
23 0.910330 0.642578 0.927547 0.628906 0.937590 0.601562 0.941894 0.579102 0.939742 0.549805 0.925395 0.538086 0.900287 0.537109 0.893831 0.557617 0.892396 0.574219 0.882353 0.593750 0.867288 0.601562 0.898135 0.615234
6 0.121234 0.370117 0.136298 0.345703 0.154232 0.333984 0.175036 0.317383 0.197274 0.354492 0.201578 0.374023 0.195839 0.400391 0.185796 0.422852 0.172166 0.439453 0.152798 0.453125 0.142037 0.449219 0.130560 0.428711 0.124821 0.407227 0.119799 0.386719
5 0.178623 0.452148 0.192970 0.420898 0.203013 0.374023 0.227403 0.368164 0.249641 0.384766 0.246055 0.409180 0.243185 0.445312 0.234577 0.485352 0.230273 0.532227 0.219512 0.552734 0.204448 0.558594 0.187231 0.566406 0.183644 0.544922 0.162841 0.546875 0.147059 0.528320 0.147059 0.501953 0.155667 0.477539 0.169297 0.467773
4 0.249641 0.435547 0.263989 0.386719 0.304161 0.392578 0.312052 0.437500 0.313486 0.469727 0.294118 0.483398 0.269010 0.496094 0.249641 0.479492 0.248207 0.455078
4 0.261119 0.505859 0.236011 0.516602 0.222382 0.541016 0.222382 0.577148 0.237446 0.584961 0.249641 0.573242 0.263989 0.592773 0.281923 0.590820 0.286227 0.575195 0.277618 0.550781 0.276184 0.532227 0.280488 0.509766 0.276901 0.498047 0.271162 0.502930 0.267575 0.500977
3 0.327834 0.526367 0.324964 0.492188 0.314921 0.465820 0.295552 0.483398 0.280488 0.501953 0.281923 0.530273 0.284792 0.558594 0.294118 0.581055 0.307747 0.556641 0.329986 0.573242 0.340029 0.550781
2 0.323529 0.455078 0.323529 0.455078 0.327834 0.424805 0.327834 0.402344 0.328551 0.386719 0.328551 0.335938 0.355093 0.335938 0.377331 0.339844 0.377331 0.378906 0.377331 0.411133 0.380201 0.437500 0.380201 0.467773 0.374462 0.485352 0.359397 0.503906 0.337159 0.485352 0.326399 0.477539
2 0.353659 0.517578 0.368723 0.514648 0.368006 0.552734 0.366571 0.588867 0.366571 0.623047 0.345768 0.635742 0.326399 0.635742 0.326399 0.605469 0.337159 0.575195 0.342898 0.542969
1 0.375897 0.483398 0.396700 0.481445 0.403874 0.522461 0.414634 0.571289 0.424677 0.597656 0.423242 0.631836 0.416069 0.662109 0.396700 0.662109 0.378766 0.656250 0.374462 0.635742 0.375897 0.603516 0.373027 0.566406 0.373027 0.528320 0.374462 0.500000
0 0.381636 0.378906 0.389527 0.415039 0.398135 0.451172 0.401004 0.502930 0.402439 0.542969 0.398852 0.541992 0.424677 0.568359 0.449067 0.573242 0.464849 0.550781 0.460545 0.524414 0.459110 0.496094 0.449067 0.461914 0.434003 0.431641 0.421808 0.392578 0.405308 0.376953
9 0.590387 0.544922 0.588235 0.577148 0.578192 0.603516 0.578192 0.660156 0.578192 0.660156 0.612626 0.673828 0.618364 0.645508 0.616930 0.596680 0.624103 0.560547 0.628407 0.524414 0.612626 0.494141 0.596844 0.492188 0.591105 0.506836 0.591822 0.533203
11 0.611908 0.451172 0.619799 0.415039 0.626973 0.380859 0.629842 0.341797 0.639168 0.313477 0.664275 0.317383 0.665710 0.358398 0.667145 0.398438 0.667145 0.430664 0.668580 0.461914 0.657102 0.488281 0.642037 0.496094 0.621234 0.475586
10 0.639168 0.485352 0.636298 0.518555 0.636298 0.560547 0.636298 0.590820 0.631277 0.621094 0.634864 0.652344 0.655667 0.652344 0.676471 0.645508 0.670014 0.615234 0.665710 0.586914 0.657102 0.556641 0.652798 0.532227 0.655667 0.507812 0.650646 0.485352
11 0.664275 0.473633 0.657102 0.498047 0.654232 0.522461 0.655667 0.548828 0.667145 0.577148 0.679340 0.560547 0.697274 0.584961 0.710187 0.569336 0.711621 0.541016 0.705882 0.518555 0.687231 0.473633 0.690818 0.455078 0.690818 0.428711 0.675036 0.428711 0.668580 0.455078
11 0.670014 0.571289 0.670014 0.597656 0.676471 0.623047 0.697274 0.639648 0.713773 0.629883 0.715208 0.591797 0.685079 0.581055
13 0.700143 0.428711 0.694405 0.451172 0.692970 0.477539 0.700143 0.496094 0.713773 0.511719 0.732425 0.524414 0.744620 0.511719 0.750359 0.477539 0.741750 0.459961 0.730990 0.445312 0.718077 0.430664
13 0.710187 0.511719 0.713056 0.546875 0.708752 0.573242 0.711621 0.603516 0.729555 0.624023 0.753228 0.621094 0.753228 0.601562 0.771162 0.588867 0.765423 0.560547 0.751793 0.540039 0.737446 0.530273 0.723816 0.526367
14 0.748924 0.441406 0.759684 0.490234 0.762554 0.528320 0.763989 0.564453 0.781923 0.579102 0.796987 0.584961 0.808465 0.562500 0.823529 0.571289 0.830703 0.534180 0.824964 0.498047 0.805595 0.479492 0.793400 0.459961 0.780488 0.435547 0.761119 0.424805 0.748924 0.415039
15 0.790531 0.374023 0.804161 0.356445 0.856528 0.380859 0.849354 0.393555 0.822095 0.362305 0.841463 0.378906 0.857963 0.403320 0.863702 0.430664 0.855093 0.453125 0.838594 0.471680 0.819225 0.473633 0.801291 0.449219 0.799857 0.432617 0.794118 0.402344
8 0.502869 0.451172 0.509326 0.483398 0.527260 0.503906 0.547346 0.517578 0.574605 0.532227 0.601865 0.530273 0.620516 0.513672 0.619799 0.496094 0.606887 0.483398 0.592539 0.470703 0.573888 0.461914 0.555237 0.446289 0.540172 0.438477 0.523673 0.428711
8 0.568867 0.429688 0.558106 0.454102 0.549498 0.479492 0.538020 0.507812 0.530129 0.534180 0.524390 0.561523 0.511478 0.588867 0.505739 0.606445 0.502869 0.630859 0.500717 0.658203 0.509326 0.675781 0.528694 0.668945 0.555237 0.667969 0.568867 0.650391 0.574605 0.617188 0.571736 0.588867 0.571736 0.562500 0.577475 0.541992 0.578192 0.509766 0.582496 0.483398 0.588235 0.454102 0.588953 0.421875
0 0.463415 0.509766 0.460545 0.541016 0.451220 0.584961 0.451220 0.622070 0.454089 0.655273 0.471306 0.666992 0.487805 0.663086 0.500717 0.639648 0.497848 0.617188 0.493544 0.587891 0.492826 0.566406 0.494978 0.542969 0.489957 0.528320 0.491392 0.506836 0.479197 0.486328
7 0.091822 0.280273 0.079627 0.313477 0.113343 0.356445 0.154950 0.323242 0.126973 0.284180 0.106169 0.277344