0 0.460597 0.667969 0.457660 0.651367 0.456192 0.629883 0.456192 0.610352 0.457171 0.593750 0.460597 0.579102 0.461087 0.559570 0.461576 0.541992 0.464513 0.524414 0.465492 0.509766 0.468429 0.496094 0.475281 0.483398 0.483113 0.482422 0.489476 0.502930 0.490455 0.521484 0.492413 0.537109 0.491434 0.556641 0.494371 0.576172 0.496329 0.590820 0.496329 0.603516 0.496329 0.618164 0.497308 0.629883 0.498287 0.644531 0.497797 0.656250 0.492413 0.670898 0.484581 0.669922 0.474792 0.672852 0.468918 0.668945
8 0.505140 0.666992 0.499266 0.644531 0.497797 0.625977 0.499266 0.610352 0.500245 0.595703 0.502203 0.580078 0.502203 0.567383 0.501713 0.553711 0.501713 0.540039 0.502692 0.527344 0.503182 0.514648 0.510034 0.496094 0.517376 0.496094 0.525698 0.502930 0.529613 0.526367 0.533529 0.543945 0.532550 0.560547 0.536466 0.584961 0.538424 0.598633 0.539892 0.612305 0.541361 0.625977 0.539892 0.641602 0.539403 0.654297 0.536955 0.666016 0.529124 0.666992 0.517866 0.670898
8 0.519334 0.493164 0.516397 0.476562 0.512971 0.458008 0.512482 0.442383 0.518355 0.432617 0.526676 0.421875 0.538913 0.408203 0.548703 0.387695 0.558492 0.381836 0.560940 0.403320 0.563387 0.431641 0.560940 0.453125 0.563387 0.463867 0.559961 0.481445 0.551150 0.492188 0.543319 0.495117 0.534019 0.500977
0 0.442976 0.489258 0.434165 0.476562 0.425355 0.467773 0.423886 0.454102 0.424376 0.434570 0.421439 0.414062 0.415076 0.398438 0.410671 0.381836 0.405776 0.354492 0.417034 0.341797 0.427313 0.348633 0.439550 0.375977 0.451787 0.392578 0.456681 0.405273 0.464513 0.426758 0.467939 0.443359 0.469408 0.467773 0.468918 0.483398 0.463045 0.491211 0.453255 0.494141
16 0.507097 0.819336 0.505140 0.804688 0.503671 0.785156 0.502203 0.769531 0.501713 0.750977 0.499755 0.737305 0.498776 0.725586 0.499266 0.713867 0.497308 0.704102 0.499755 0.696289 0.506608 0.691406 0.512971 0.691406 0.518355 0.691406 0.522271 0.689453 0.524719 0.701172 0.524229 0.721680 0.522761 0.733398 0.524719 0.742188 0.522271 0.756836 0.521782 0.768555 0.519824 0.779297 0.518845 0.791992 0.519334 0.800781 0.518845 0.811523 0.517376 0.817383 0.512971 0.822266
24 0.474792 0.809570 0.474792 0.795898 0.473813 0.786133 0.474302 0.776367 0.472834 0.762695 0.473324 0.749023 0.471366 0.736328 0.471366 0.724609 0.471855 0.716797 0.471366 0.706055 0.472834 0.697266 0.473324 0.691406 0.479197 0.689453 0.483113 0.695312 0.488008 0.694336 0.494371 0.696289 0.498776 0.696289 0.498776 0.708984 0.497308 0.724609 0.496329 0.736328 0.495350 0.749023 0.493392 0.760742 0.492903 0.770508 0.490945 0.782227 0.490945 0.790039 0.488497 0.799805 0.488497 0.807617 0.481645 0.813477
6 0.268233 0.408203 0.256975 0.400391 0.260401 0.383789 0.263338 0.365234 0.270191 0.354492 0.280470 0.345703 0.294175 0.336914 0.301517 0.337891 0.306902 0.354492 0.312286 0.365234 0.321586 0.358398 0.322565 0.373047 0.316691 0.392578 0.312286 0.411133 0.307391 0.424805 0.303965 0.438477 0.295154 0.448242 0.287323 0.452148 0.278023 0.448242 0.272638 0.434570 0.275086 0.416016
6 0.279980 0.527344 0.275575 0.513672 0.277533 0.494141 0.280470 0.485352 0.287323 0.470703 0.294665 0.460938 0.301517 0.448242 0.308370 0.426758 0.312286 0.416016 0.317670 0.397461 0.323544 0.382812 0.329907 0.384766 0.332844 0.405273 0.340675 0.413086 0.348997 0.408203 0.346549 0.425781 0.345570 0.444336 0.339697 0.464844 0.338228 0.476562 0.335291 0.493164 0.333823 0.514648 0.334312 0.527344 0.332354 0.541992 0.326970 0.558594 0.320117 0.567383 0.312775 0.563477 0.305433 0.562500 0.296133 0.556641 0.297112 0.544922 0.288791 0.539062
4 0.356339 0.518555 0.349976 0.502930 0.343612 0.493164 0.339697 0.480469 0.339697 0.466797 0.347528 0.446289 0.355849 0.429688 0.362212 0.413086 0.367107 0.400391 0.374449 0.386719 0.375428 0.410156 0.375918 0.425781 0.381791 0.408203 0.386197 0.394531 0.391581 0.413086 0.390602 0.440430 0.390113 0.456055 0.388155 0.478516 0.384239 0.492188 0.375428 0.508789 0.362702 0.515625
3 0.377386 0.557617 0.370044 0.550781 0.368576 0.537109 0.370534 0.514648 0.373960 0.494141 0.377386 0.479492 0.380813 0.461914 0.385218 0.434570 0.386197 0.419922 0.389134 0.408203 0.397944 0.401367 0.403818 0.421875 0.409202 0.447266 0.415565 0.466797 0.419481 0.492188 0.417523 0.507812 0.416544 0.523438 0.414586 0.539062 0.405286 0.547852 0.399902 0.541016 0.388644 0.559570
2 0.397455 0.635742 0.391092 0.626953 0.389623 0.607422 0.392070 0.583008 0.395007 0.565430 0.400392 0.542969 0.402839 0.525391 0.409692 0.503906 0.413118 0.481445 0.417523 0.504883 0.418013 0.537109 0.417034 0.558594 0.419481 0.576172 0.418013 0.594727 0.419971 0.611328 0.413118 0.623047 0.407244 0.636719
1 0.422418 0.641602 0.419481 0.630859 0.420460 0.616211 0.419971 0.599609 0.424376 0.580078 0.428292 0.558594 0.432208 0.541016 0.434655 0.516602 0.435634 0.494141 0.447381 0.474609 0.454234 0.477539 0.455213 0.507812 0.454723 0.537109 0.454723 0.558594 0.456192 0.574219 0.456192 0.590820 0.454234 0.607422 0.455213 0.625000 0.456192 0.641602 0.452276 0.656250 0.446892 0.654297 0.438571 0.656250 0.432208 0.650391
9 0.547724 0.654297 0.538913 0.646484 0.538913 0.626953 0.539892 0.606445 0.540382 0.590820 0.543808 0.571289 0.544298 0.548828 0.544787 0.531250 0.543808 0.513672 0.546745 0.498047 0.552619 0.488281 0.562898 0.481445 0.566324 0.502930 0.567792 0.526367 0.569261 0.546875 0.571219 0.561523 0.571708 0.581055 0.575135 0.603516 0.577093 0.620117 0.574156 0.632812 0.562408 0.650391
10 0.583456 0.634766 0.579540 0.624023 0.577582 0.609375 0.579540 0.590820 0.579540 0.569336 0.581498 0.548828 0.583456 0.529297 0.590308 0.531250 0.595693 0.541016 0.602056 0.553711 0.603035 0.577148 0.608419 0.589844 0.611845 0.608398 0.607440 0.624023 0.605482 0.638672 0.598140 0.651367 0.589819 0.647461
11 0.583456 0.526367 0.580029 0.507812 0.581008 0.492188 0.585414 0.473633 0.592266 0.453125 0.596182 0.436523 0.600587 0.416016 0.611356 0.397461 0.623593 0.401367 0.625551 0.426758 0.622124 0.450195 0.622614 0.466797 0.621635 0.485352 0.626530 0.501953 0.629466 0.516602 0.628488 0.532227 0.625061 0.542969 0.618209 0.551758 0.612824 0.556641 0.603035 0.552734 0.595693 0.540039
12 0.635340 0.537109 0.629956 0.524414 0.627998 0.509766 0.623593 0.498047 0.623593 0.484375 0.626530 0.464844 0.628977 0.449219 0.627509 0.435547 0.629466 0.416016 0.634361 0.430664 0.637788 0.447266 0.643172 0.430664 0.640235 0.413086 0.650024 0.429688 0.651003 0.447266 0.657367 0.462891 0.661282 0.473633 0.665688 0.494141 0.665688 0.509766 0.662751 0.522461 0.658835 0.534180 0.651493 0.542969 0.641703 0.543945
13 0.673519 0.570312 0.666667 0.560547 0.663240 0.547852 0.661282 0.532227 0.661282 0.514648 0.662261 0.496094 0.662261 0.476562 0.663240 0.458984 0.664709 0.441406 0.673030 0.438477 0.680861 0.435547 0.692119 0.425781 0.699462 0.458008 0.706804 0.472656 0.713167 0.493164 0.718062 0.506836 0.718062 0.526367 0.715125 0.539062 0.713167 0.549805 0.706804 0.556641 0.699951 0.551758 0.692609 0.566406 0.682330 0.574219
14 0.702398 0.459961 0.695546 0.448242 0.695056 0.432617 0.693588 0.419922 0.690162 0.405273 0.687714 0.386719 0.692609 0.367188 0.698483 0.348633 0.706804 0.335938 0.713656 0.349609 0.724914 0.354492 0.731278 0.361328 0.737151 0.379883 0.741557 0.393555 0.739599 0.414062 0.735193 0.428711 0.729809 0.433594 0.724425 0.447266 0.720999 0.459961 0.711698 0.462891
22 0.756730 0.726562 0.750367 0.714844 0.743514 0.702148 0.736662 0.696289 0.729320 0.682617 0.724425 0.670898 0.721488 0.655273 0.723446 0.641602 0.729320 0.630859 0.738620 0.625000 0.743025 0.614258 0.746941 0.601562 0.753793 0.588867 0.762115 0.591797 0.767499 0.599609 0.770925 0.614258 0.774351 0.626953 0.779736 0.642578 0.781204 0.659180 0.785120 0.671875 0.779246 0.679688 0.768478 0.670898 0.760157 0.676758 0.757709 0.691406 0.761625 0.705078 0.765051 0.721680
21 0.719530 0.784180 0.724914 0.785156 0.732746 0.778320 0.728341 0.763672 0.722467 0.753906 0.715125 0.740234 0.709251 0.725586 0.703867 0.709961 0.703377 0.700195 0.710720 0.695312 0.718551 0.708008 0.727851 0.720703 0.736172 0.738281 0.745472 0.750000 0.753304 0.753906 0.758688 0.740234 0.754772 0.724609 0.747920 0.710938 0.741557 0.702148 0.733235 0.693359 0.727362 0.681641 0.720020 0.667969 0.716593 0.656250 0.712677 0.642578 0.710720 0.627930 0.710230 0.616211 0.709251 0.599609 0.704846 0.585938 0.698972 0.580078 0.690651 0.593750 0.684777 0.597656 0.679393 0.604492 0.674988 0.613281 0.670582 0.619141 0.663240 0.625000 0.658346 0.630859 0.650514 0.634766 0.646598 0.645508 0.651493 0.664062 0.660303 0.679688 0.672051 0.694336 0.687225 0.717773 0.691140 0.736328 0.699951 0.755859 0.707293 0.764648 0.713656 0.775391
20 0.668625 0.809570 0.666177 0.794922 0.664219 0.781250 0.660303 0.766602 0.657856 0.754883 0.653940 0.742188 0.651003 0.730469 0.654430 0.718750 0.658835 0.730469 0.665688 0.749023 0.672540 0.763672 0.674988 0.776367 0.678904 0.791992 0.682819 0.807617 0.687714 0.796875 0.683309 0.781250 0.679393 0.768555 0.675477 0.751953 0.671072 0.740234 0.667156 0.728516 0.665688 0.714844 0.664219 0.701172 0.664709 0.685547 0.661282 0.674805 0.657367 0.665039 0.651493 0.658203 0.646109 0.659180 0.638277 0.662109 0.630935 0.667969 0.626040 0.677734 0.625061 0.688477 0.625551 0.702148 0.628977 0.717773 0.638767 0.733398 0.643172 0.745117 0.651493 0.760742 0.656388 0.778320 0.658835 0.792969
19 0.618698 0.841797 0.620656 0.827148 0.620166 0.810547 0.616251 0.796875 0.614293 0.781250 0.611356 0.762695 0.618209 0.771484 0.621635 0.787109 0.625551 0.803711 0.630935 0.815430 0.634361 0.830078 0.638277 0.821289 0.635340 0.801758 0.630445 0.788086 0.629466 0.774414 0.628977 0.760742 0.629466 0.746094 0.628488 0.730469 0.625061 0.716797 0.618698 0.716797 0.611845 0.716797 0.605972 0.713867 0.599119 0.715820 0.593245 0.729492 0.585903 0.741211 0.586393 0.750000 0.591777 0.766602 0.600587 0.785156 0.603524 0.801758 0.606951 0.817383 0.609887 0.827148
19 0.587372 0.731445 0.582477 0.724609 0.581008 0.713867 0.577582 0.705078 0.576114 0.694336 0.574156 0.685547 0.579050 0.675781 0.589819 0.663086 0.598140 0.666016 0.606461 0.666016 0.613314 0.665039 0.616251 0.676758 0.617230 0.688477 0.619677 0.699219 0.621635 0.712891 0.615272 0.715820 0.602545 0.713867 0.595203 0.722656
18 0.585414 0.929688 0.591287 0.926758 0.588840 0.913086 0.585414 0.901367 0.583456 0.890625 0.580519 0.877930 0.579050 0.865234 0.581008 0.851562 0.585903 0.873047 0.589819 0.884766 0.592756 0.899414 0.595693 0.912109 0.600587 0.919922 0.602056 0.906250 0.599608 0.890625 0.598140 0.875000 0.597651 0.856445 0.595693 0.843750 0.594714 0.827148 0.595693 0.811523 0.594224 0.799805 0.590798 0.786133 0.586393 0.777344 0.578561 0.771484 0.571219 0.769531 0.564856 0.768555 0.558492 0.775391 0.552129 0.790039 0.550171 0.802734 0.550661 0.814453 0.557024 0.833008 0.562898 0.844727 0.569750 0.860352 0.573177 0.878906 0.576114 0.897461
18 0.563877 0.764648 0.560450 0.753906 0.558003 0.740234 0.554577 0.723633 0.553108 0.713867 0.553108 0.703125 0.556535 0.693359 0.561429 0.683594 0.566324 0.676758 0.572198 0.677734 0.576603 0.686523 0.578561 0.702148 0.581987 0.720703 0.582966 0.732422 0.584924 0.742188 0.586882 0.756836 0.590308 0.766602 0.594224 0.777344 0.594714 0.790039 0.589819 0.779297 0.585414 0.771484 0.580519 0.769531 0.572198 0.768555
17 0.531571 0.815430 0.533040 0.796875 0.530592 0.779297 0.528634 0.763672 0.527655 0.746094 0.524719 0.732422 0.523740 0.718750 0.524719 0.705078 0.523740 0.690430 0.529124 0.686523 0.539403 0.685547 0.547724 0.685547 0.552129 0.693359 0.553108 0.710938 0.553108 0.727539 0.551640 0.747070 0.550661 0.765625 0.550171 0.781250 0.548213 0.797852 0.546745 0.814453 0.543808 0.827148 0.535977 0.830078
25 0.448360 0.822266 0.448850 0.805664 0.446892 0.789062 0.445423 0.770508 0.443465 0.752930 0.442976 0.735352 0.440039 0.721680 0.440529 0.709961 0.441997 0.695312 0.445913 0.683594 0.453744 0.678711 0.461576 0.680664 0.467450 0.684570 0.472834 0.693359 0.472345 0.706055 0.471366 0.720703 0.470387 0.737305 0.468918 0.756836 0.467450 0.781250 0.465492 0.799805 0.461087 0.817383 0.455213 0.831055
26 0.387176 0.872070 0.392560 0.849609 0.395986 0.830078 0.398434 0.812500 0.399902 0.791016 0.401371 0.772461 0.403328 0.759766 0.406265 0.747070 0.412139 0.740234 0.418502 0.731445 0.426823 0.729492 0.435144 0.734375 0.441508 0.745117 0.443955 0.762695 0.443465 0.778320 0.442487 0.791016 0.435144 0.806641 0.430739 0.821289 0.426334 0.836914 0.420950 0.851562 0.415076 0.873047 0.410181 0.883789 0.405776 0.875977 0.409692 0.850586 0.414586 0.831055 0.414586 0.810547 0.409202 0.824219 0.403818 0.841797 0.400392 0.857422 0.394028 0.875000
27 0.363191 0.797852 0.371023 0.789062 0.375428 0.770508 0.380813 0.750977 0.387665 0.743164 0.389134 0.754883 0.385218 0.774414 0.380323 0.792969 0.381791 0.813477 0.387665 0.798828 0.391092 0.784180 0.394518 0.771484 0.400881 0.757812 0.407734 0.745117 0.414097 0.732422 0.415076 0.715820 0.411160 0.698242 0.403328 0.692383 0.398434 0.689453 0.390602 0.688477 0.384239 0.689453 0.378365 0.698242 0.373470 0.709961 0.372002 0.725586 0.371512 0.747070 0.369555 0.760742 0.367597 0.774414
28 0.304944 0.738281 0.313754 0.716797 0.323544 0.696289 0.330396 0.685547 0.335291 0.677734 0.332354 0.664062 0.332354 0.649414 0.335781 0.638672 0.342144 0.633789 0.353402 0.627930 0.363681 0.634766 0.375428 0.638672 0.384239 0.646484 0.395986 0.652344 0.397944 0.664062 0.395007 0.677734 0.387176 0.692383 0.378855 0.697266 0.372491 0.710938 0.367597 0.727539 0.363191 0.742188 0.357807 0.759766 0.352912 0.767578 0.353891 0.750000 0.351933 0.732422 0.344102 0.726562 0.333333 0.716797 0.322075 0.721680 0.314244 0.729492
28 0.306412 0.841797 0.312775 0.829102 0.316202 0.815430 0.320117 0.792969 0.323544 0.781250 0.327460 0.773438 0.328928 0.793945 0.327949 0.811523 0.326970 0.827148 0.325991 0.844727 0.332844 0.836914 0.336760 0.817383 0.338228 0.797852 0.343612 0.786133 0.348507 0.776367 0.352423 0.765625 0.353891 0.747070 0.350954 0.736328 0.345081 0.727539 0.338228 0.725586 0.331375 0.722656 0.324033 0.725586 0.317670 0.729492 0.311796 0.737305 0.308860 0.753906 0.311796 0.774414 0.311307 0.791992 0.310817 0.808594
29 0.254038 0.750977 0.265296 0.741211 0.273128 0.725586 0.280470 0.711914 0.286833 0.701172 0.294665 0.690430 0.296623 0.705078 0.295644 0.721680 0.291728 0.732422 0.285854 0.744141 0.279980 0.754883 0.274596 0.761719 0.265786 0.767578 0.269701 0.786133 0.280470 0.790039 0.292707 0.774414 0.302986 0.758789 0.310328 0.740234 0.317181 0.724609 0.322075 0.713867 0.327949 0.692383 0.330886 0.679688 0.335781 0.669922 0.343123 0.659180 0.347039 0.648438 0.350465 0.635742 0.352423 0.620117 0.345081 0.614258 0.337249 0.610352 0.330886 0.608398 0.323544 0.603516 0.318649 0.592773 0.312775 0.585938 0.305923 0.582031 0.300538 0.580078 0.293686 0.578125 0.286833 0.591797 0.284386 0.610352 0.283407 0.630859 0.280470 0.649414 0.274596 0.664062 0.269701 0.679688 0.262359 0.696289 0.256486 0.706055 0.251591 0.716797 0.246696 0.724609 0.246207 0.738281
30 0.212433 0.663086 0.222712 0.657227 0.231522 0.656250 0.236417 0.670898 0.241312 0.685547 0.240333 0.704102 0.240822 0.723633 0.250122 0.712891 0.256486 0.701172 0.264317 0.686523 0.272149 0.675781 0.276065 0.662109 0.274596 0.644531 0.271170 0.631836 0.265786 0.625000 0.260401 0.622070 0.254038 0.618164 0.254528 0.605469 0.252570 0.590820 0.246696 0.582031 0.240822 0.586914 0.234459 0.588867 0.227117 0.597656 0.222222 0.610352 0.219285 0.627930 0.217327 0.638672