16 0.487506 0.739258 0.484566 0.723633 0.483097 0.708008 0.482607 0.694336 0.482117 0.678711 0.482117 0.665039 0.482607 0.651367 0.482607 0.638672 0.482607 0.627930 0.482607 0.612305 0.488486 0.607422 0.496325 0.605469 0.497795 0.624023 0.496325 0.656250 0.496815 0.676758 0.497305 0.690430 0.497305 0.708008 0.497305 0.724609 0.499265 0.740234 0.492406 0.750000
24 0.467908 0.741211 0.467418 0.728516 0.466438 0.715820 0.465948 0.702148 0.464968 0.690430 0.463988 0.674805 0.463988 0.659180 0.463988 0.645508 0.461538 0.632812 0.460559 0.620117 0.460559 0.600586 0.465948 0.597656 0.472317 0.597656 0.476727 0.601562 0.480157 0.620117 0.479667 0.640625 0.480647 0.659180 0.479177 0.686523 0.478687 0.702148 0.480647 0.715820 0.480647 0.733398 0.482607 0.745117 0.477707 0.751953 0.470848 0.752930
25 0.449290 0.760742 0.449290 0.749023 0.447330 0.734375 0.445860 0.719727 0.445370 0.702148 0.445370 0.684570 0.443410 0.669922 0.442430 0.655273 0.441940 0.640625 0.439490 0.627930 0.439000 0.615234 0.439490 0.602539 0.445860 0.598633 0.451739 0.599609 0.455659 0.603516 0.457619 0.612305 0.458109 0.635742 0.457619 0.659180 0.459089 0.677734 0.461049 0.696289 0.463008 0.713867 0.464478 0.727539 0.463498 0.741211 0.462518 0.753906 0.456639 0.762695
26 0.420872 0.790039 0.417932 0.775391 0.414993 0.755859 0.413523 0.733398 0.412543 0.715820 0.412543 0.696289 0.411073 0.673828 0.412053 0.655273 0.412053 0.636719 0.413033 0.620117 0.415973 0.602539 0.422832 0.602539 0.429201 0.602539 0.437531 0.598633 0.437041 0.619141 0.437041 0.642578 0.438511 0.661133 0.439490 0.682617 0.440960 0.702148 0.440470 0.719727 0.439490 0.739258 0.439980 0.754883 0.439000 0.766602 0.437531 0.782227 0.434591 0.793945 0.427732 0.796875
27 0.395884 0.773438 0.393435 0.760742 0.390495 0.747070 0.390495 0.728516 0.390005 0.710938 0.390495 0.690430 0.388535 0.674805 0.389515 0.657227 0.388535 0.640625 0.387065 0.627930 0.387555 0.614258 0.387065 0.595703 0.392945 0.596680 0.398334 0.598633 0.405194 0.595703 0.412053 0.600586 0.411073 0.624023 0.410093 0.647461 0.410093 0.666992 0.409113 0.683594 0.409113 0.701172 0.407153 0.717773 0.406663 0.733398 0.406173 0.747070 0.405194 0.759766 0.405194 0.774414 0.399804 0.780273
28 0.360118 0.767578 0.359138 0.750977 0.359628 0.733398 0.359138 0.715820 0.360118 0.699219 0.359628 0.682617 0.359628 0.664062 0.360118 0.647461 0.359138 0.632812 0.357178 0.621094 0.357178 0.609375 0.362077 0.600586 0.368447 0.592773 0.375306 0.584961 0.380696 0.583984 0.384615 0.594727 0.387555 0.604492 0.389515 0.621094 0.387555 0.633789 0.386085 0.649414 0.384125 0.671875 0.384615 0.686523 0.384615 0.702148 0.383635 0.717773 0.383146 0.732422 0.379716 0.745117 0.377266 0.757812 0.374816 0.768555 0.369917 0.776367 0.362567 0.779297
17 0.504655 0.743164 0.502695 0.726562 0.500735 0.708984 0.500245 0.690430 0.501225 0.672852 0.503185 0.654297 0.503185 0.637695 0.500735 0.625000 0.499755 0.612305 0.501225 0.598633 0.507594 0.596680 0.512984 0.596680 0.518863 0.598633 0.522783 0.604492 0.522783 0.622070 0.521803 0.638672 0.520823 0.653320 0.518863 0.669922 0.517883 0.687500 0.516903 0.702148 0.515924 0.715820 0.514944 0.730469 0.514944 0.744141 0.509554 0.754883
18 0.525233 0.765625 0.524253 0.752930 0.524253 0.737305 0.524743 0.725586 0.524743 0.708984 0.525233 0.691406 0.523763 0.674805 0.522293 0.659180 0.523763 0.643555 0.524743 0.627930 0.524743 0.614258 0.524253 0.600586 0.532582 0.599609 0.538462 0.602539 0.542381 0.607422 0.549241 0.612305 0.549241 0.627930 0.547281 0.649414 0.547281 0.666016 0.545811 0.686523 0.544341 0.705078 0.543851 0.719727 0.544341 0.731445 0.542381 0.750977 0.541891 0.768555 0.539931 0.786133 0.534542 0.791992 0.528172 0.794922 0.526703 0.782227
19 0.558060 0.760742 0.556100 0.750977 0.553160 0.737305 0.552180 0.721680 0.553650 0.703125 0.553650 0.685547 0.554140 0.669922 0.553650 0.652344 0.554140 0.638672 0.552180 0.627930 0.550710 0.616211 0.550220 0.601562 0.557080 0.600586 0.562959 0.603516 0.565899 0.615234 0.570799 0.627930 0.574228 0.639648 0.575698 0.657227 0.573738 0.676758 0.573738 0.697266 0.573248 0.712891 0.574718 0.732422 0.573248 0.749023 0.575698 0.764648 0.572758 0.778320 0.564429 0.774414
23 0.767761 0.666016 0.741303 0.652344 0.733464 0.644531 0.723665 0.637695 0.716805 0.627930 0.707986 0.621094 0.704067 0.611328 0.699167 0.601562 0.696227 0.586914 0.700147 0.575195 0.707986 0.570312 0.715826 0.565430 0.717785 0.554688 0.725135 0.548828 0.730524 0.544922 0.735914 0.542969 0.738364 0.554688 0.742283 0.567383 0.748163 0.574219 0.752082 0.584961 0.759432 0.593750 0.766781 0.603516 0.774130 0.605469
14 0.685938 0.561523 0.696227 0.556641 0.708966 0.543945 0.722685 0.536133 0.720235 0.515625 0.719255 0.485352 0.720235 0.456055 0.721215 0.425781 0.713866 0.405273 0.700147 0.397461 0.688388 0.403320 0.679569 0.434570 0.676629 0.482422 0.680549 0.525391
13 0.639882 0.593750 0.630573 0.576172 0.635963 0.548828 0.638413 0.525391 0.638413 0.500000 0.643802 0.476562 0.648702 0.447266 0.658011 0.426758 0.671730 0.418945 0.681039 0.428711 0.679079 0.456055 0.678099 0.481445 0.677119 0.507812 0.679569 0.530273 0.682999 0.555664 0.670260 0.573242 0.655071 0.578125
11 0.596766 0.609375 0.585007 0.602539 0.574718 0.595703 0.568349 0.565430 0.570799 0.538086 0.572268 0.515625 0.573248 0.495117 0.573738 0.474609 0.575698 0.456055 0.577168 0.431641 0.581088 0.411133 0.590397 0.431641 0.593827 0.466797 0.596766 0.497070 0.599216 0.523438 0.601666 0.548828 0.604116 0.568359 0.604116 0.589844
10 0.569819 0.388672 0.575698 0.418945 0.576188 0.449219 0.576188 0.477539 0.573248 0.507812 0.573248 0.533203 0.572268 0.562500 0.571779 0.589844 0.561000 0.601562 0.552670 0.591797 0.542381 0.571289 0.543851 0.545898 0.548261 0.518555 0.550220 0.498047 0.554140 0.477539 0.554140 0.451172 0.558060 0.421875
2 0.405683 0.566406 0.398824 0.542969 0.400784 0.509766 0.398824 0.481445 0.398824 0.452148 0.398824 0.423828 0.399804 0.400391 0.403724 0.373047 0.410093 0.403320 0.415483 0.439453 0.419892 0.471680 0.423812 0.500000 0.426752 0.523438 0.428711 0.543945 0.427732 0.565430
5 0.314552 0.586914 0.309162 0.566406 0.308182 0.538086 0.306712 0.514648 0.301323 0.487305 0.294953 0.461914 0.291524 0.439453 0.290054 0.416016 0.281235 0.390625 0.292504 0.375977 0.305243 0.398438 0.317981 0.423828 0.332190 0.454102 0.340029 0.476562 0.347379 0.501953 0.351298 0.525391 0.354728 0.553711 0.356688 0.576172 0.343459 0.574219 0.329740 0.574219
6 0.271436 0.403320 0.289564 0.454102 0.302303 0.500977 0.308672 0.565430 0.281235 0.592773 0.271436 0.571289 0.270456 0.513672 0.260657 0.460938 0.256247 0.421875