5 0.260657 0.334961 0.267026 0.368164 0.275845 0.414062 0.280745 0.387695 0.279765 0.350586 0.275845 0.317383 0.291034 0.334961 0.297403 0.379883 0.297403 0.413086 0.293484 0.441406 0.295443 0.472656 0.299853 0.501953 0.296423 0.520508 0.280745 0.522461 0.268006 0.517578 0.255267 0.518555 0.246938 0.497070 0.243998 0.471680 0.250367 0.443359 0.260657 0.421875 0.260657 0.390625 0.252817 0.362305
29 0.255757 0.720703 0.265556 0.698242 0.275845 0.672852 0.287604 0.648438 0.293974 0.669922 0.291524 0.699219 0.281235 0.728516 0.283684 0.753906 0.297403 0.731445 0.306222 0.695312 0.311612 0.662109 0.319941 0.640625 0.330720 0.615234 0.342479 0.594727 0.346399 0.571289 0.333170 0.565430 0.320921 0.558594 0.306712 0.552734 0.294953 0.540039 0.281235 0.542969 0.277315 0.571289 0.275845 0.607422 0.271926 0.631836 0.263106 0.660156 0.252817 0.685547 0.246448 0.708008 0.240078 0.733398
30 0.201372 0.697266 0.214601 0.678711 0.222440 0.647461 0.235179 0.619141 0.233709 0.652344 0.223910 0.680664 0.209211 0.729492 0.223420 0.739258 0.234689 0.708984 0.246448 0.666016 0.254287 0.627930 0.264576 0.602539 0.274865 0.582031 0.283195 0.556641 0.272415 0.540039 0.261636 0.523438 0.243998 0.522461 0.226360 0.522461 0.219500 0.553711 0.223910 0.585938 0.217050 0.617188 0.209701 0.636719 0.203332 0.665039 0.191573 0.686523 0.186673 0.728516
31 0.139147 0.591797 0.163645 0.579102 0.140617 0.615234 0.158256 0.627930 0.173934 0.627930 0.190103 0.620117 0.203332 0.631836 0.217050 0.629883 0.222440 0.609375 0.224890 0.585938 0.223420 0.558594 0.215581 0.528320 0.211171 0.501953 0.201862 0.482422 0.185203 0.504883 0.173934 0.520508 0.160706 0.533203 0.144047 0.552734 0.131798 0.568359 0.122489 0.593750
4 0.310632 0.339844 0.310142 0.385742 0.312592 0.423828 0.305243 0.459961 0.300343 0.492188 0.294953 0.517578 0.305243 0.541016 0.317001 0.541016 0.329740 0.527344 0.336110 0.504883 0.333660 0.463867 0.332190 0.426758 0.330720 0.403320 0.331210 0.377930 0.327291 0.344727 0.320921 0.304688
3 0.345909 0.382812 0.344929 0.425781 0.342479 0.458984 0.336110 0.497070 0.332190 0.527344 0.331210 0.548828 0.343949 0.565430 0.357668 0.553711 0.366487 0.543945 0.371387 0.520508 0.369427 0.487305 0.362567 0.449219 0.361098 0.421875 0.357668 0.392578 0.351298 0.349609
2 0.378246 0.373047 0.375796 0.425781 0.369427 0.464844 0.371877 0.501953 0.371387 0.531250 0.367467 0.550781 0.375306 0.573242 0.387065 0.582031 0.399804 0.555664 0.408623 0.525391 0.405194 0.490234 0.403724 0.451172 0.401274 0.416016 0.404704 0.384766 0.398334 0.350586
1 0.417932 0.396484 0.417442 0.438477 0.415483 0.466797 0.412543 0.497070 0.407153 0.520508 0.408623 0.550781 0.414993 0.574219 0.429691 0.575195 0.439490 0.576172 0.445370 0.556641 0.445860 0.528320 0.440470 0.495117 0.438021 0.463867 0.434591 0.433594 0.434101 0.406250 0.430671 0.367188
0 0.456149 0.576172 0.445370 0.571289 0.440470 0.548828 0.447330 0.522461 0.449780 0.485352 0.453209 0.456055 0.453699 0.413086 0.457619 0.365234 0.468888 0.357422 0.468888 0.400391 0.473787 0.438477 0.481627 0.472656 0.487996 0.501953 0.489466 0.527344 0.487996 0.556641 0.489466 0.578125 0.474767 0.574219
8 0.505634 0.382812 0.504655 0.431641 0.499265 0.464844 0.493876 0.497070 0.492896 0.520508 0.492406 0.540039 0.491916 0.563477 0.504165 0.576172 0.519843 0.569336 0.533562 0.560547 0.538951 0.536133 0.535032 0.498047 0.527193 0.469727 0.526213 0.433594 0.527683 0.403320 0.527683 0.382812 0.521313 0.344727
7 0.224890 0.276367 0.204802 0.296875 0.194512 0.313477 0.177854 0.333984 0.170015 0.357422 0.177364 0.388672 0.190103 0.418945 0.204312 0.414062 0.216071 0.390625 0.225870 0.355469 0.233709 0.324219 0.241058 0.288086
9 0.558060 0.353516 0.552670 0.395508 0.547771 0.430664 0.541401 0.468750 0.539931 0.501953 0.535032 0.530273 0.532582 0.565430 0.546301 0.574219 0.560510 0.583984 0.572268 0.566406 0.579618 0.542969 0.580108 0.504883 0.579128 0.466797 0.578148 0.436523 0.577658 0.404297 0.576678 0.364258 0.566879 0.325195
10 0.605096 0.346680 0.595296 0.392578 0.588437 0.426758 0.579618 0.452148 0.578148 0.485352 0.578638 0.518555 0.581088 0.545898 0.589417 0.579102 0.603626 0.581055 0.616854 0.555664 0.619304 0.528320 0.616854 0.484375 0.616854 0.458984 0.618324 0.417969 0.619304 0.388672 0.620774 0.357422 0.615385 0.327148
11 0.630573 0.359375 0.628613 0.395508 0.627144 0.431641 0.624694 0.466797 0.617834 0.502930 0.611955 0.528320 0.620284 0.548828 0.623224 0.571289 0.638413 0.571289 0.651151 0.563477 0.658011 0.543945 0.658011 0.522461 0.652621 0.500000 0.651641 0.464844 0.650171 0.436523 0.650171 0.398438 0.647722 0.373047 0.645272 0.330078
12 0.672220 0.349609 0.662910 0.375977 0.660461 0.414062 0.658991 0.457031 0.658991 0.492188 0.656051 0.514648 0.656051 0.543945 0.666830 0.561523 0.678099 0.565430 0.688388 0.548828 0.693288 0.523438 0.689368 0.501953 0.686918 0.476562 0.685938 0.446289 0.682019 0.416016 0.680549 0.384766
13 0.712886 0.355469 0.712886 0.395508 0.714846 0.426758 0.725625 0.405273 0.731994 0.339844 0.735424 0.387695 0.735914 0.433594 0.739343 0.459961 0.740323 0.484375 0.743263 0.504883 0.743263 0.525391 0.732974 0.540039 0.719745 0.529297 0.711416 0.547852 0.692798 0.543945 0.685938 0.507812 0.690838 0.477539 0.692308 0.431641 0.693288 0.401367 0.696227 0.365234 0.698677 0.333984
14 0.756982 0.527344 0.744243 0.514648 0.743263 0.485352 0.741793 0.446289 0.738364 0.417969 0.735914 0.388672 0.732974 0.355469 0.735424 0.322266 0.747183 0.372070 0.752082 0.337891 0.753552 0.293945 0.760902 0.357422 0.763841 0.397461 0.770211 0.420898 0.780500 0.438477 0.790299 0.459961 0.792259 0.483398 0.781480 0.504883 0.771191 0.525391
15 0.755022 0.317383 0.761391 0.355469 0.762371 0.388672 0.767271 0.411133 0.776580 0.428711 0.786379 0.451172 0.802058 0.430664 0.810877 0.401367 0.820186 0.375977 0.804508 0.347656 0.792749 0.333984 0.781480 0.314453 0.775110 0.284180 0.758452 0.286133
23 0.846644 0.619141 0.832925 0.614258 0.813817 0.609375 0.818716 0.586914 0.831455 0.585938 0.858403 0.594727 0.847624 0.566406 0.832435 0.552734 0.813817 0.545898 0.799608 0.525391 0.782460 0.518555 0.778050 0.540039 0.776580 0.571289 0.773640 0.596680 0.772660 0.622070 0.781480 0.643555 0.795198 0.657227 0.807447 0.644531 0.820186 0.642578 0.831455 0.644531 0.849094 0.645508
22 0.784909 0.744141 0.774130 0.713867 0.764821 0.688477 0.755022 0.658203 0.763351 0.655273 0.770211 0.685547 0.780010 0.705078 0.791769 0.726562 0.798628 0.709961 0.789319 0.662109 0.782460 0.639648 0.779030 0.611328 0.776090 0.573242 0.771191 0.541016 0.752082 0.536133 0.734444 0.553711 0.719255 0.563477 0.716805 0.583984 0.722685 0.614258 0.733954 0.645508 0.738364 0.669922 0.743263 0.703125 0.752082 0.721680 0.759432 0.735352 0.772171 0.741211
21 0.709946 0.770508 0.712886 0.733398 0.708966 0.701172 0.706026 0.675781 0.718765 0.703125 0.729544 0.729492 0.743753 0.742188 0.747183 0.715820 0.738364 0.690430 0.731994 0.660156 0.725135 0.640625 0.721705 0.617188 0.722685 0.591797 0.719255 0.565430 0.708966 0.548828 0.689368 0.565430 0.674669 0.569336 0.658991 0.588867 0.656051 0.612305 0.669280 0.631836 0.679079 0.653320 0.686918 0.691406 0.693778 0.721680 0.696227 0.751953
6 0.230279 0.308594 0.226360 0.333984 0.224890 0.363281 0.216071 0.390625 0.205781 0.401367 0.196472 0.437500 0.196472 0.458984 0.205781 0.479492 0.219500 0.490234 0.234689 0.494141 0.245468 0.489258 0.245468 0.463867 0.248898 0.434570 0.251837 0.413086 0.251837 0.382812 0.254287 0.354492 0.259187 0.322266 0.248898 0.291016
20 0.674179 0.788086 0.668790 0.756836 0.657521 0.729492 0.650171 0.695312 0.643312 0.662109 0.634493 0.632812 0.621754 0.615234 0.628123 0.593750 0.638413 0.582031 0.651641 0.578125 0.661440 0.579102 0.665360 0.607422 0.670260 0.642578 0.674179 0.683594 0.678099 0.720703 0.681039 0.751953 0.685448 0.787109
19 0.632043 0.780273 0.628123 0.757812 0.620774 0.728516 0.613915 0.699219 0.608035 0.666016 0.596766 0.649414 0.593827 0.611328 0.607545 0.586914 0.617834 0.591797 0.630573 0.604492 0.632533 0.637695 0.636943 0.667969 0.640862 0.698242 0.646252 0.733398 0.648702 0.757812 0.647722 0.783203
18 0.592357 0.808594 0.583537 0.775391 0.579618 0.750000 0.573248 0.723633 0.568349 0.686523 0.564429 0.662109 0.557080 0.639648 0.563449 0.615234 0.571779 0.589844 0.588927 0.600586 0.593827 0.629883 0.601176 0.683594 0.605096 0.715820 0.606565 0.756836 0.609015 0.790039 0.606565 0.817383
17 0.538951 0.756836 0.536012 0.729492 0.536012 0.704102 0.532582 0.682617 0.531602 0.657227 0.529642 0.625000 0.530132 0.606445 0.540421 0.607422 0.550220 0.601562 0.561000 0.607422 0.561979 0.634766 0.561979 0.663086 0.557080 0.698242 0.555610 0.723633 0.555610 0.742188 0.550220 0.762695
16 0.501715 0.757812 0.502205 0.729492 0.503185 0.699219 0.500245 0.661133 0.497795 0.634766 0.500735 0.606445 0.502205 0.589844 0.515924 0.591797 0.527193 0.607422 0.526213 0.640625 0.529642 0.663086 0.529642 0.698242 0.527683 0.718750 0.527683 0.746094 0.523763 0.766602 0.511024 0.790039
24 0.483097 0.749023 0.481627 0.715820 0.481137 0.678711 0.476727 0.658203 0.473787 0.626953 0.476237 0.607422 0.490446 0.607422 0.500245 0.609375 0.497305 0.648438 0.498285 0.688477 0.496815 0.711914 0.498285 0.739258 0.490446 0.782227
25 0.448310 0.774414 0.447330 0.749023 0.448310 0.711914 0.448310 0.680664 0.440470 0.655273 0.438021 0.624023 0.439000 0.588867 0.449780 0.576172 0.462518 0.581055 0.473787 0.589844 0.475257 0.620117 0.472807 0.660156 0.470358 0.688477 0.472317 0.716797 0.467418 0.750000 0.463498 0.792969
26 0.396864 0.764648 0.395884 0.716797 0.401274 0.690430 0.402254 0.645508 0.405194 0.624023 0.411563 0.604492 0.421362 0.589844 0.434101 0.601562 0.440960 0.624023 0.439980 0.645508 0.439490 0.683594 0.438021 0.713867 0.429201 0.750000 0.424792 0.774414 0.407643 0.785156
27 0.353748 0.770508 0.353748 0.731445 0.362567 0.686523 0.367467 0.650391 0.370407 0.611328 0.375306 0.582031 0.386085 0.573242 0.398824 0.568359 0.411563 0.588867 0.411563 0.609375 0.404704 0.631836 0.398334 0.652344 0.393435 0.680664 0.387065 0.703125 0.379716 0.729492 0.372856 0.751953 0.367957 0.770508
28 0.311612 0.750000 0.314062 0.711914 0.321901 0.673828 0.327291 0.655273 0.332190 0.626953 0.337090 0.589844 0.344929 0.558594 0.356688 0.569336 0.369427 0.569336 0.378246 0.588867 0.378246 0.609375 0.365507 0.626953 0.359138 0.658203 0.349829 0.690430 0.341009 0.711914 0.333170 0.734375 0.323371 0.751953