6 0.274779 0.466797 0.266928 0.513672 0.259568 0.556641 0.256624 0.592773 0.259568 0.612305 0.280177 0.639648 0.297350 0.625000 0.298332 0.590820 0.295878 0.535156 0.298332 0.504883 0.298332 0.462891 0.286555 0.430664
5 0.300294 0.462891 0.300294 0.462891 0.304711 0.511719 0.302257 0.560547 0.296860 0.607422 0.305692 0.642578 0.327772 0.642578 0.345437 0.625000 0.343965 0.583984 0.341021 0.547852 0.334642 0.499023 0.327282 0.454102
4 0.339058 0.409180 0.342002 0.450195 0.348381 0.533203 0.353778 0.609375 0.382728 0.598633 0.376349 0.545898 0.363592 0.499023 0.361629 0.450195 0.355741 0.421875 0.348871 0.406250
3 0.379784 0.407227 0.372915 0.420898 0.378312 0.456055 0.384200 0.536133 0.386654 0.563477 0.392051 0.603516 0.419529 0.588867 0.410697 0.528320 0.399411 0.481445 0.398430 0.440430 0.385182 0.408203
2 0.409225 0.408203 0.414132 0.421875 0.415604 0.433594 0.420020 0.454102 0.423454 0.477539 0.424926 0.496094 0.425417 0.528320 0.426889 0.550781 0.430815 0.573242 0.439647 0.581055 0.449951 0.579102 0.457311 0.581055 0.465162 0.563477 0.463199 0.547852 0.458292 0.527344 0.448479 0.491211 0.439647 0.463867 0.435231 0.443359 0.429833 0.430664 0.427870 0.410156 0.421982 0.396484 0.415113 0.401367
9 0.543670 0.377930 0.538763 0.400391 0.531403 0.430664 0.529441 0.448242 0.526987 0.458984 0.523062 0.477539 0.520608 0.482422 0.519136 0.493164 0.518155 0.501953 0.517174 0.519531 0.516683 0.538086 0.517174 0.548828 0.521590 0.557617 0.527478 0.561523 0.536310 0.561523 0.542689 0.560547 0.546124 0.555664 0.547105 0.542969 0.547105 0.527344 0.548577 0.511719 0.548577 0.497070 0.548577 0.483398 0.548086 0.470703 0.549068 0.458984 0.551521 0.446289 0.553974 0.430664 0.557409 0.410156 0.560353 0.396484 0.561825 0.381836 0.559863 0.374023 0.554465 0.374023 0.549558 0.373047
10 0.583415 0.383789 0.586359 0.377930 0.591266 0.374023 0.595191 0.376953 0.599117 0.377930 0.600098 0.384766 0.600589 0.394531 0.600589 0.406250 0.600589 0.424805 0.598626 0.442383 0.597645 0.464844 0.596173 0.477539 0.595191 0.490234 0.597154 0.494141 0.597645 0.500977 0.596173 0.513672 0.595191 0.520508 0.594701 0.530273 0.594210 0.548828 0.592247 0.570312 0.584887 0.575195 0.577036 0.571289 0.570658 0.569336 0.567223 0.566406 0.563297 0.562500 0.563788 0.550781 0.564769 0.538086 0.565751 0.527344 0.566732 0.516602 0.568204 0.507812 0.570167 0.500977 0.573602 0.499023 0.577036 0.485352
13 0.641315 0.470703 0.640824 0.482422 0.638371 0.494141 0.638862 0.503906 0.637390 0.518555 0.637390 0.527344 0.637880 0.535156 0.637880 0.543945 0.637880 0.554688 0.636408 0.574219 0.636408 0.585938 0.634446 0.595703 0.627085 0.597656 0.624632 0.593750 0.619725 0.588867 0.616290 0.588867 0.610893 0.589844 0.608930 0.585938 0.608930 0.570312 0.608930 0.554688 0.611874 0.541992 0.621197 0.491211 0.622179 0.475586 0.623651 0.466797 0.625123 0.457031 0.626104 0.450195 0.627085 0.442383 0.632974 0.436523 0.637390 0.437500 0.641315 0.448242 0.641315 0.457031
14 0.682532 0.481445 0.684985 0.495117 0.685476 0.507812 0.688420 0.532227 0.688420 0.538086 0.689892 0.558594 0.691855 0.565430 0.693817 0.580078 0.694308 0.592773 0.694799 0.598633 0.693327 0.612305 0.691364 0.617188 0.690873 0.618164 0.684495 0.624023 0.680569 0.621094 0.677625 0.619141 0.670265 0.625977 0.662905 0.621094 0.658489 0.620117 0.651619 0.615234 0.650147 0.609375 0.646712 0.593750 0.648184 0.584961 0.648675 0.581055 0.648675 0.571289 0.649657 0.559570 0.651619 0.544922 0.652601 0.535156 0.652110 0.522461 0.652110 0.510742 0.654073 0.489258 0.655054 0.468750 0.656526 0.453125 0.665849 0.456055 0.678116 0.458008 0.681060 0.467773
15 0.693327 0.442383 0.692836 0.462891 0.691855 0.481445 0.692345 0.498047 0.695289 0.517578 0.693327 0.536133 0.694799 0.547852 0.694308 0.562500 0.693817 0.574219 0.696762 0.587891 0.698234 0.596680 0.704612 0.609375 0.711973 0.608398 0.718842 0.603516 0.724730 0.600586 0.728165 0.590820 0.734544 0.574219 0.736016 0.562500 0.734544 0.556641 0.730618 0.542969 0.726693 0.532227 0.724239 0.514648 0.721786 0.498047 0.720314 0.474609 0.717861 0.443359 0.716389 0.420898
21 0.689892 0.700195 0.689892 0.718750 0.689892 0.738281 0.693327 0.755859 0.695780 0.777344 0.700196 0.796875 0.697743 0.810547 0.690873 0.812500 0.683023 0.812500 0.681551 0.797852 0.677134 0.782227 0.675662 0.769531 0.673700 0.751953 0.673209 0.742188 0.666340 0.728516 0.663886 0.715820 0.654563 0.695312 0.649166 0.681641 0.645731 0.667969 0.649657 0.650391 0.662414 0.651367 0.678116 0.650391 0.684985 0.667969 0.687929 0.687500
20 0.654073 0.708008 0.655054 0.727539 0.656526 0.748047 0.660451 0.787109 0.662414 0.804688 0.661923 0.823242 0.651619 0.828125 0.644750 0.826172 0.639843 0.808594 0.635427 0.793945 0.630520 0.770508 0.627576 0.751953 0.622179 0.732422 0.619725 0.713867 0.618253 0.706055 0.614818 0.696289 0.613346 0.686523 0.613346 0.667969 0.613346 0.657227 0.618744 0.650391 0.626595 0.646484 0.634446 0.644531 0.642296 0.643555 0.647203 0.650391
19 0.609421 0.700195 0.611384 0.723633 0.611384 0.744141 0.611384 0.764648 0.614818 0.788086 0.613346 0.814453 0.608930 0.831055 0.602552 0.824219 0.599117 0.809570 0.595682 0.790039 0.594701 0.771484 0.591266 0.753906 0.590285 0.735352 0.589303 0.716797 0.586850 0.700195 0.585378 0.690430 0.581452 0.683594 0.579980 0.668945 0.581943 0.653320 0.587341 0.650391 0.593719 0.646484 0.601079 0.646484 0.606477 0.645508 0.611874 0.652344 0.614328 0.672852
18 0.580471 0.702148 0.579490 0.726562 0.579980 0.742188 0.580471 0.762695 0.581943 0.785156 0.582924 0.808594 0.580962 0.828125 0.577527 0.842773 0.572130 0.843750 0.563297 0.832031 0.560844 0.811523 0.560844 0.790039 0.558881 0.765625 0.556428 0.742188 0.553974 0.721680 0.552993 0.702148 0.551521 0.688477 0.550049 0.671875 0.552502 0.649414 0.559372 0.644531 0.565260 0.645508 0.573111 0.648438 0.578018 0.652344 0.581943 0.662109 0.582924 0.684570
17 0.549068 0.703125 0.549558 0.723633 0.550049 0.742188 0.550049 0.762695 0.552012 0.788086 0.551030 0.800781 0.544161 0.803711 0.537291 0.800781 0.534838 0.792969 0.532875 0.778320 0.531403 0.758789 0.531403 0.740234 0.531403 0.728516 0.530422 0.713867 0.527969 0.701172 0.525515 0.688477 0.524534 0.678711 0.523553 0.668945 0.523553 0.651367 0.532385 0.646484 0.540236 0.649414 0.545142 0.648438 0.550049 0.650391
16 0.502453 0.660156 0.511286 0.655273 0.520118 0.652344 0.524043 0.654297 0.525025 0.673828 0.525025 0.689453 0.524043 0.716797 0.526497 0.729492 0.526987 0.747070 0.527969 0.765625 0.527969 0.786133 0.526497 0.797852 0.522571 0.816406 0.517664 0.820312 0.513739 0.801758 0.509814 0.756836 0.505888 0.723633 0.501963 0.687500
24 0.498528 0.723633 0.498528 0.744141 0.499509 0.762695 0.499509 0.786133 0.496565 0.820312 0.491168 0.822266 0.487242 0.811523 0.486752 0.791016 0.485280 0.770508 0.484789 0.753906 0.482826 0.738281 0.482336 0.719727 0.480373 0.708008 0.478410 0.692383 0.477429 0.681641 0.476938 0.664062 0.483808 0.658203 0.492640 0.656250 0.499509 0.657227
25 0.454367 0.666992 0.460746 0.661133 0.470559 0.656250 0.475466 0.656250 0.477429 0.671875 0.476447 0.688477 0.476447 0.709961 0.476938 0.731445 0.475466 0.752930 0.474975 0.772461 0.475466 0.792969 0.473013 0.804688 0.466634 0.801758 0.461237 0.791992 0.458292 0.754883 0.456330 0.719727 0.454858 0.708984 0.451423 0.697266 0.451423 0.684570
26 0.449951 0.716797 0.448970 0.744141 0.447498 0.769531 0.446026 0.807617 0.444063 0.833984 0.440137 0.847656 0.434740 0.844727 0.428361 0.832031 0.425908 0.819336 0.425908 0.792969 0.426889 0.758789 0.426398 0.740234 0.423454 0.714844 0.422964 0.701172 0.420020 0.679688 0.424436 0.665039 0.432777 0.657227 0.439156 0.658203 0.446516 0.660156 0.452895 0.672852
27 0.421001 0.728516 0.421982 0.750000 0.421001 0.776367 0.419529 0.798828 0.419038 0.823242 0.415113 0.832031 0.407262 0.829102 0.398921 0.821289 0.392051 0.804688 0.391070 0.777344 0.389107 0.753906 0.389598 0.735352 0.388126 0.716797 0.388616 0.694336 0.390088 0.673828 0.395976 0.670898 0.404318 0.667969 0.411678 0.667969 0.418548 0.673828 0.423454 0.688477
28 0.387635 0.729492 0.387635 0.747070 0.386654 0.765625 0.384200 0.790039 0.379784 0.816406 0.375859 0.826172 0.370461 0.837891 0.364573 0.842773 0.359666 0.847656 0.355250 0.831055 0.352306 0.819336 0.353778 0.798828 0.354269 0.783203 0.353288 0.768555 0.351325 0.750000 0.352797 0.734375 0.350834 0.718750 0.350343 0.700195 0.354269 0.686523 0.358685 0.679688 0.364573 0.673828 0.369971 0.671875 0.374877 0.667969 0.381256 0.667969 0.386163 0.668945 0.388616 0.679688
22 0.692836 0.694336 0.687929 0.668945 0.688420 0.636719 0.704122 0.634766 0.713445 0.627930 0.723258 0.628906 0.722767 0.651367 0.722767 0.672852 0.724239 0.697266 0.726693 0.715820 0.728656 0.733398 0.730618 0.755859 0.730128 0.775391 0.721786 0.783203 0.714426 0.782227 0.710010 0.762695 0.707556 0.744141 0.706084 0.723633 0.700687 0.707031